{
 "cells": [
  {
   "cell_type": "code",
   "execution_count": 1,
   "metadata": {
    "collapsed": true
   },
   "outputs": [],
   "source": [
    "import pandas as pd\n",
    "import numpy as np\n",
    "import matplotlib.pyplot as plt\n",
    "%matplotlib inline"
   ]
  },
  {
   "cell_type": "code",
   "execution_count": 6,
   "metadata": {
    "collapsed": true
   },
   "outputs": [],
   "source": [
    "path=\"../wichern_data/\"\n",
    "t=pd.read_csv(path+'T1-10.dat', sep='\\s+', header=None, skiprows=0);\n",
    "t=t.rename(columns={0:'Breed', 1:'SalePr', 2:'YrHgt', 3:'FtFrBody', 4:'PrctFFB', 5:'Frame', 6:'BkFat', 7:'SaleHt', 8:'SaleWt'});"
   ]
  },
  {
   "cell_type": "code",
   "execution_count": 7,
   "metadata": {
    "collapsed": false
   },
   "outputs": [
    {
     "data": {
      "text/html": [
       "<div>\n",
       "<table border=\"1\" class=\"dataframe\">\n",
       "  <thead>\n",
       "    <tr style=\"text-align: right;\">\n",
       "      <th></th>\n",
       "      <th>Breed</th>\n",
       "      <th>SalePr</th>\n",
       "      <th>YrHgt</th>\n",
       "      <th>FtFrBody</th>\n",
       "      <th>PrctFFB</th>\n",
       "      <th>Frame</th>\n",
       "      <th>BkFat</th>\n",
       "      <th>SaleHt</th>\n",
       "      <th>SaleWt</th>\n",
       "    </tr>\n",
       "  </thead>\n",
       "  <tbody>\n",
       "    <tr>\n",
       "      <th>0</th>\n",
       "      <td>1</td>\n",
       "      <td>2200</td>\n",
       "      <td>51.0</td>\n",
       "      <td>1128</td>\n",
       "      <td>70.9</td>\n",
       "      <td>7</td>\n",
       "      <td>0.25</td>\n",
       "      <td>54.8</td>\n",
       "      <td>1720</td>\n",
       "    </tr>\n",
       "    <tr>\n",
       "      <th>1</th>\n",
       "      <td>1</td>\n",
       "      <td>2250</td>\n",
       "      <td>51.9</td>\n",
       "      <td>1108</td>\n",
       "      <td>72.1</td>\n",
       "      <td>7</td>\n",
       "      <td>0.25</td>\n",
       "      <td>55.3</td>\n",
       "      <td>1575</td>\n",
       "    </tr>\n",
       "    <tr>\n",
       "      <th>2</th>\n",
       "      <td>1</td>\n",
       "      <td>1625</td>\n",
       "      <td>49.9</td>\n",
       "      <td>1011</td>\n",
       "      <td>71.6</td>\n",
       "      <td>6</td>\n",
       "      <td>0.15</td>\n",
       "      <td>53.1</td>\n",
       "      <td>1410</td>\n",
       "    </tr>\n",
       "    <tr>\n",
       "      <th>3</th>\n",
       "      <td>1</td>\n",
       "      <td>4600</td>\n",
       "      <td>53.1</td>\n",
       "      <td>993</td>\n",
       "      <td>68.9</td>\n",
       "      <td>8</td>\n",
       "      <td>0.35</td>\n",
       "      <td>56.4</td>\n",
       "      <td>1595</td>\n",
       "    </tr>\n",
       "    <tr>\n",
       "      <th>4</th>\n",
       "      <td>1</td>\n",
       "      <td>2150</td>\n",
       "      <td>51.2</td>\n",
       "      <td>996</td>\n",
       "      <td>68.6</td>\n",
       "      <td>7</td>\n",
       "      <td>0.25</td>\n",
       "      <td>55.0</td>\n",
       "      <td>1488</td>\n",
       "    </tr>\n",
       "  </tbody>\n",
       "</table>\n",
       "</div>"
      ],
      "text/plain": [
       "   Breed  SalePr  YrHgt  FtFrBody  PrctFFB  Frame  BkFat  SaleHt  SaleWt\n",
       "0      1    2200   51.0      1128     70.9      7   0.25    54.8    1720\n",
       "1      1    2250   51.9      1108     72.1      7   0.25    55.3    1575\n",
       "2      1    1625   49.9      1011     71.6      6   0.15    53.1    1410\n",
       "3      1    4600   53.1       993     68.9      8   0.35    56.4    1595\n",
       "4      1    2150   51.2       996     68.6      7   0.25    55.0    1488"
      ]
     },
     "execution_count": 7,
     "metadata": {},
     "output_type": "execute_result"
    }
   ],
   "source": [
    "t.head()"
   ]
  },
  {
   "cell_type": "code",
   "execution_count": 8,
   "metadata": {
    "collapsed": false
   },
   "outputs": [
    {
     "data": {
      "text/html": [
       "<div>\n",
       "<table border=\"1\" class=\"dataframe\">\n",
       "  <thead>\n",
       "    <tr style=\"text-align: right;\">\n",
       "      <th></th>\n",
       "      <th>Breed</th>\n",
       "      <th>SalePr</th>\n",
       "      <th>YrHgt</th>\n",
       "      <th>FtFrBody</th>\n",
       "      <th>PrctFFB</th>\n",
       "      <th>Frame</th>\n",
       "      <th>BkFat</th>\n",
       "      <th>SaleHt</th>\n",
       "      <th>SaleWt</th>\n",
       "    </tr>\n",
       "  </thead>\n",
       "  <tbody>\n",
       "    <tr>\n",
       "      <th>0</th>\n",
       "      <td>4.381579</td>\n",
       "      <td>1742.434211</td>\n",
       "      <td>50.522368</td>\n",
       "      <td>995.947368</td>\n",
       "      <td>70.881579</td>\n",
       "      <td>6.315789</td>\n",
       "      <td>0.196711</td>\n",
       "      <td>54.126316</td>\n",
       "      <td>1555.289474</td>\n",
       "    </tr>\n",
       "  </tbody>\n",
       "</table>\n",
       "</div>"
      ],
      "text/plain": [
       "      Breed       SalePr      YrHgt    FtFrBody    PrctFFB     Frame  \\\n",
       "0  4.381579  1742.434211  50.522368  995.947368  70.881579  6.315789   \n",
       "\n",
       "      BkFat     SaleHt       SaleWt  \n",
       "0  0.196711  54.126316  1555.289474  "
      ]
     },
     "execution_count": 8,
     "metadata": {},
     "output_type": "execute_result"
    }
   ],
   "source": [
    "pd.DataFrame([np.mean(t)])"
   ]
  },
  {
   "cell_type": "code",
   "execution_count": 9,
   "metadata": {
    "collapsed": false
   },
   "outputs": [
    {
     "data": {
      "text/html": [
       "<div>\n",
       "<table border=\"1\" class=\"dataframe\">\n",
       "  <thead>\n",
       "    <tr style=\"text-align: right;\">\n",
       "      <th></th>\n",
       "      <th>Breed</th>\n",
       "      <th>SalePr</th>\n",
       "      <th>YrHgt</th>\n",
       "      <th>FtFrBody</th>\n",
       "      <th>PrctFFB</th>\n",
       "      <th>Frame</th>\n",
       "      <th>BkFat</th>\n",
       "      <th>SaleHt</th>\n",
       "      <th>SaleWt</th>\n",
       "    </tr>\n",
       "  </thead>\n",
       "  <tbody>\n",
       "    <tr>\n",
       "      <th>Breed</th>\n",
       "      <td>9.679123</td>\n",
       "      <td>-434.741228</td>\n",
       "      <td>2.827351</td>\n",
       "      <td>117.833684</td>\n",
       "      <td>4.797789</td>\n",
       "      <td>1.251228</td>\n",
       "      <td>-0.171395</td>\n",
       "      <td>3.035158</td>\n",
       "      <td>46.941404</td>\n",
       "    </tr>\n",
       "    <tr>\n",
       "      <th>SalePr</th>\n",
       "      <td>-434.741228</td>\n",
       "      <td>388133.662281</td>\n",
       "      <td>456.471491</td>\n",
       "      <td>5890.596491</td>\n",
       "      <td>-229.474561</td>\n",
       "      <td>276.421053</td>\n",
       "      <td>15.441447</td>\n",
       "      <td>486.968421</td>\n",
       "      <td>25645.885965</td>\n",
       "    </tr>\n",
       "    <tr>\n",
       "      <th>YrHgt</th>\n",
       "      <td>2.827351</td>\n",
       "      <td>456.471491</td>\n",
       "      <td>2.998026</td>\n",
       "      <td>100.130526</td>\n",
       "      <td>2.960018</td>\n",
       "      <td>1.508842</td>\n",
       "      <td>-0.053392</td>\n",
       "      <td>2.983137</td>\n",
       "      <td>82.810772</td>\n",
       "    </tr>\n",
       "    <tr>\n",
       "      <th>FtFrBody</th>\n",
       "      <td>117.833684</td>\n",
       "      <td>5890.596491</td>\n",
       "      <td>100.130526</td>\n",
       "      <td>8594.343860</td>\n",
       "      <td>209.504351</td>\n",
       "      <td>51.950175</td>\n",
       "      <td>-1.398175</td>\n",
       "      <td>129.940070</td>\n",
       "      <td>6680.308772</td>\n",
       "    </tr>\n",
       "    <tr>\n",
       "      <th>PrctFFB</th>\n",
       "      <td>4.797789</td>\n",
       "      <td>-229.474561</td>\n",
       "      <td>2.960018</td>\n",
       "      <td>209.504351</td>\n",
       "      <td>10.691656</td>\n",
       "      <td>1.459228</td>\n",
       "      <td>-0.142995</td>\n",
       "      <td>3.414225</td>\n",
       "      <td>83.925404</td>\n",
       "    </tr>\n",
       "    <tr>\n",
       "      <th>Frame</th>\n",
       "      <td>1.251228</td>\n",
       "      <td>276.421053</td>\n",
       "      <td>1.508842</td>\n",
       "      <td>51.950175</td>\n",
       "      <td>1.459228</td>\n",
       "      <td>0.858947</td>\n",
       "      <td>-0.021614</td>\n",
       "      <td>1.487579</td>\n",
       "      <td>44.320702</td>\n",
       "    </tr>\n",
       "    <tr>\n",
       "      <th>BkFat</th>\n",
       "      <td>-0.171395</td>\n",
       "      <td>15.441447</td>\n",
       "      <td>-0.053392</td>\n",
       "      <td>-1.398175</td>\n",
       "      <td>-0.142995</td>\n",
       "      <td>-0.021614</td>\n",
       "      <td>0.008022</td>\n",
       "      <td>-0.050646</td>\n",
       "      <td>2.412965</td>\n",
       "    </tr>\n",
       "    <tr>\n",
       "      <th>SaleHt</th>\n",
       "      <td>3.035158</td>\n",
       "      <td>486.968421</td>\n",
       "      <td>2.983137</td>\n",
       "      <td>129.940070</td>\n",
       "      <td>3.414225</td>\n",
       "      <td>1.487579</td>\n",
       "      <td>-0.050646</td>\n",
       "      <td>4.017965</td>\n",
       "      <td>147.289614</td>\n",
       "    </tr>\n",
       "    <tr>\n",
       "      <th>SaleWt</th>\n",
       "      <td>46.941404</td>\n",
       "      <td>25645.885965</td>\n",
       "      <td>82.810772</td>\n",
       "      <td>6680.308772</td>\n",
       "      <td>83.925404</td>\n",
       "      <td>44.320702</td>\n",
       "      <td>2.412965</td>\n",
       "      <td>147.289614</td>\n",
       "      <td>16850.661754</td>\n",
       "    </tr>\n",
       "  </tbody>\n",
       "</table>\n",
       "</div>"
      ],
      "text/plain": [
       "               Breed         SalePr       YrHgt     FtFrBody     PrctFFB  \\\n",
       "Breed       9.679123    -434.741228    2.827351   117.833684    4.797789   \n",
       "SalePr   -434.741228  388133.662281  456.471491  5890.596491 -229.474561   \n",
       "YrHgt       2.827351     456.471491    2.998026   100.130526    2.960018   \n",
       "FtFrBody  117.833684    5890.596491  100.130526  8594.343860  209.504351   \n",
       "PrctFFB     4.797789    -229.474561    2.960018   209.504351   10.691656   \n",
       "Frame       1.251228     276.421053    1.508842    51.950175    1.459228   \n",
       "BkFat      -0.171395      15.441447   -0.053392    -1.398175   -0.142995   \n",
       "SaleHt      3.035158     486.968421    2.983137   129.940070    3.414225   \n",
       "SaleWt     46.941404   25645.885965   82.810772  6680.308772   83.925404   \n",
       "\n",
       "               Frame      BkFat      SaleHt        SaleWt  \n",
       "Breed       1.251228  -0.171395    3.035158     46.941404  \n",
       "SalePr    276.421053  15.441447  486.968421  25645.885965  \n",
       "YrHgt       1.508842  -0.053392    2.983137     82.810772  \n",
       "FtFrBody   51.950175  -1.398175  129.940070   6680.308772  \n",
       "PrctFFB     1.459228  -0.142995    3.414225     83.925404  \n",
       "Frame       0.858947  -0.021614    1.487579     44.320702  \n",
       "BkFat      -0.021614   0.008022   -0.050646      2.412965  \n",
       "SaleHt      1.487579  -0.050646    4.017965    147.289614  \n",
       "SaleWt     44.320702   2.412965  147.289614  16850.661754  "
      ]
     },
     "execution_count": 9,
     "metadata": {},
     "output_type": "execute_result"
    }
   ],
   "source": [
    "t.cov()"
   ]
  },
  {
   "cell_type": "code",
   "execution_count": 10,
   "metadata": {
    "collapsed": false
   },
   "outputs": [
    {
     "data": {
      "text/html": [
       "<div>\n",
       "<table border=\"1\" class=\"dataframe\">\n",
       "  <thead>\n",
       "    <tr style=\"text-align: right;\">\n",
       "      <th></th>\n",
       "      <th>Breed</th>\n",
       "      <th>SalePr</th>\n",
       "      <th>YrHgt</th>\n",
       "      <th>FtFrBody</th>\n",
       "      <th>PrctFFB</th>\n",
       "      <th>Frame</th>\n",
       "      <th>BkFat</th>\n",
       "      <th>SaleHt</th>\n",
       "      <th>SaleWt</th>\n",
       "    </tr>\n",
       "  </thead>\n",
       "  <tbody>\n",
       "    <tr>\n",
       "      <th>Breed</th>\n",
       "      <td>1.000000</td>\n",
       "      <td>-0.224296</td>\n",
       "      <td>0.524861</td>\n",
       "      <td>0.408550</td>\n",
       "      <td>0.471629</td>\n",
       "      <td>0.433946</td>\n",
       "      <td>-0.615075</td>\n",
       "      <td>0.486699</td>\n",
       "      <td>0.116233</td>\n",
       "    </tr>\n",
       "    <tr>\n",
       "      <th>SalePr</th>\n",
       "      <td>-0.224296</td>\n",
       "      <td>1.000000</td>\n",
       "      <td>0.423161</td>\n",
       "      <td>0.101991</td>\n",
       "      <td>-0.112647</td>\n",
       "      <td>0.478737</td>\n",
       "      <td>0.276724</td>\n",
       "      <td>0.389948</td>\n",
       "      <td>0.317116</td>\n",
       "    </tr>\n",
       "    <tr>\n",
       "      <th>YrHgt</th>\n",
       "      <td>0.524861</td>\n",
       "      <td>0.423161</td>\n",
       "      <td>1.000000</td>\n",
       "      <td>0.623796</td>\n",
       "      <td>0.522822</td>\n",
       "      <td>0.940249</td>\n",
       "      <td>-0.344277</td>\n",
       "      <td>0.859513</td>\n",
       "      <td>0.368435</td>\n",
       "    </tr>\n",
       "    <tr>\n",
       "      <th>FtFrBody</th>\n",
       "      <td>0.408550</td>\n",
       "      <td>0.101991</td>\n",
       "      <td>0.623796</td>\n",
       "      <td>1.000000</td>\n",
       "      <td>0.691137</td>\n",
       "      <td>0.604641</td>\n",
       "      <td>-0.168385</td>\n",
       "      <td>0.699252</td>\n",
       "      <td>0.555113</td>\n",
       "    </tr>\n",
       "    <tr>\n",
       "      <th>PrctFFB</th>\n",
       "      <td>0.471629</td>\n",
       "      <td>-0.112647</td>\n",
       "      <td>0.522822</td>\n",
       "      <td>0.691137</td>\n",
       "      <td>1.000000</td>\n",
       "      <td>0.481523</td>\n",
       "      <td>-0.488255</td>\n",
       "      <td>0.520915</td>\n",
       "      <td>0.197725</td>\n",
       "    </tr>\n",
       "    <tr>\n",
       "      <th>Frame</th>\n",
       "      <td>0.433946</td>\n",
       "      <td>0.478737</td>\n",
       "      <td>0.940249</td>\n",
       "      <td>0.604641</td>\n",
       "      <td>0.481523</td>\n",
       "      <td>1.000000</td>\n",
       "      <td>-0.260376</td>\n",
       "      <td>0.800744</td>\n",
       "      <td>0.368396</td>\n",
       "    </tr>\n",
       "    <tr>\n",
       "      <th>BkFat</th>\n",
       "      <td>-0.615075</td>\n",
       "      <td>0.276724</td>\n",
       "      <td>-0.344277</td>\n",
       "      <td>-0.168385</td>\n",
       "      <td>-0.488255</td>\n",
       "      <td>-0.260376</td>\n",
       "      <td>1.000000</td>\n",
       "      <td>-0.282090</td>\n",
       "      <td>0.207535</td>\n",
       "    </tr>\n",
       "    <tr>\n",
       "      <th>SaleHt</th>\n",
       "      <td>0.486699</td>\n",
       "      <td>0.389948</td>\n",
       "      <td>0.859513</td>\n",
       "      <td>0.699252</td>\n",
       "      <td>0.520915</td>\n",
       "      <td>0.800744</td>\n",
       "      <td>-0.282090</td>\n",
       "      <td>1.000000</td>\n",
       "      <td>0.566058</td>\n",
       "    </tr>\n",
       "    <tr>\n",
       "      <th>SaleWt</th>\n",
       "      <td>0.116233</td>\n",
       "      <td>0.317116</td>\n",
       "      <td>0.368435</td>\n",
       "      <td>0.555113</td>\n",
       "      <td>0.197725</td>\n",
       "      <td>0.368396</td>\n",
       "      <td>0.207535</td>\n",
       "      <td>0.566058</td>\n",
       "      <td>1.000000</td>\n",
       "    </tr>\n",
       "  </tbody>\n",
       "</table>\n",
       "</div>"
      ],
      "text/plain": [
       "             Breed    SalePr     YrHgt  FtFrBody   PrctFFB     Frame  \\\n",
       "Breed     1.000000 -0.224296  0.524861  0.408550  0.471629  0.433946   \n",
       "SalePr   -0.224296  1.000000  0.423161  0.101991 -0.112647  0.478737   \n",
       "YrHgt     0.524861  0.423161  1.000000  0.623796  0.522822  0.940249   \n",
       "FtFrBody  0.408550  0.101991  0.623796  1.000000  0.691137  0.604641   \n",
       "PrctFFB   0.471629 -0.112647  0.522822  0.691137  1.000000  0.481523   \n",
       "Frame     0.433946  0.478737  0.940249  0.604641  0.481523  1.000000   \n",
       "BkFat    -0.615075  0.276724 -0.344277 -0.168385 -0.488255 -0.260376   \n",
       "SaleHt    0.486699  0.389948  0.859513  0.699252  0.520915  0.800744   \n",
       "SaleWt    0.116233  0.317116  0.368435  0.555113  0.197725  0.368396   \n",
       "\n",
       "             BkFat    SaleHt    SaleWt  \n",
       "Breed    -0.615075  0.486699  0.116233  \n",
       "SalePr    0.276724  0.389948  0.317116  \n",
       "YrHgt    -0.344277  0.859513  0.368435  \n",
       "FtFrBody -0.168385  0.699252  0.555113  \n",
       "PrctFFB  -0.488255  0.520915  0.197725  \n",
       "Frame    -0.260376  0.800744  0.368396  \n",
       "BkFat     1.000000 -0.282090  0.207535  \n",
       "SaleHt   -0.282090  1.000000  0.566058  \n",
       "SaleWt    0.207535  0.566058  1.000000  "
      ]
     },
     "execution_count": 10,
     "metadata": {},
     "output_type": "execute_result"
    }
   ],
   "source": [
    "t.corr()"
   ]
  },
  {
   "cell_type": "code",
   "execution_count": null,
   "metadata": {
    "collapsed": true
   },
   "outputs": [],
   "source": []
  }
 ],
 "metadata": {
  "kernelspec": {
   "display_name": "Python 2",
   "language": "python",
   "name": "python2"
  },
  "language_info": {
   "codemirror_mode": {
    "name": "ipython",
    "version": 2
   },
   "file_extension": ".py",
   "mimetype": "text/x-python",
   "name": "python",
   "nbconvert_exporter": "python",
   "pygments_lexer": "ipython2",
   "version": "2.7.11"
  }
 },
 "nbformat": 4,
 "nbformat_minor": 0
}
